31,35
10,186
10,308
10,28
10,26
10,152
10,78
10,74
10,206
10,2
10,3
11,12
9,7
9,6
9,1
9,4
9,2
9,3
8,6
8,8
8,16
8,14
27,4
27,3
27,2
27,1
27,0
26,4
26,3
26,2
26,1
26,0
25,3
25,2
25,1
18,1
25,0
24,3
24,2
24,1
18,3
24,0
20,3
20,2
20,1
19,3
19,2
19,1
14,1
12,3
14,3
12,2
13,1
12,1
11,27
11,26
11,24
11,23
11,22
11,21
11,20
11,18
11,17
11,16
11,15
11,14
11,13
11,10
11,9
11,8
11,5
11,4
11,3
13,3
11,2
11,1
10,307
10,303
10,302
10,290
10,254
10,251
10,245
10,205
10,200
10,199
10,197
10,190
10,188
10,175
10,168
10,151
10,116
10,30
10,1
10,16
8,13
8,11
